22
1
01.01.2010
40.4
4004004
1.99
2
01.01.2010
40.4
4004004
1.99
3
01.01.2010
40.4
4004004
1.99
4
01.01.2010
40.4
4004004
1.99
5
01.01.2010
40.4
4004004
1.99
6
01.01.2010
40.4
4004004
1.99
7
01.01.2010
40.4
4004004
1.99
8
01.01.2010
40.4
4004004
1.99
9
01.01.2010
40.4
4004004
1.99
10
01.01.2010
40.4
4004004
1.99
11
01.01.2010
40.4
4004004
1.99
12
01.01.2010
40.4
4004004
1.99
13
01.01.2010
40.4
4004004
1.99
14
01.01.2010
40.4
4004004
1.99
15
01.01.2010
40.4
4004004
1.99
16
01.01.2010
40.4
4004004
1.99
17
01.01.2010
40.4
4004004
1.99
18
01.01.2010
40.4
4004004
1.99
19
01.01.2010
40.4
4004004
1.99
20
01.01.2010
40.4
4004004
1.99
21
01.01.2010
40.4
4004004
1.99
22
01.01.2010
40.4
4004004
1.99
